0.979565 0.047954 -0.195329 0.000000
0.047954 0.887469 0.458366 0.000000
0.195329 -0.458366 0.867034 0.000000

0.997017 0.004950 -0.077019 0.000000
0.004950 0.991785 0.127819 0.000000
0.077019 -0.127819 0.988803 0.000000

0.992426 0.012657 -0.122192 0.000000
0.012657 0.978849 0.204191 0.000000
0.122192 -0.204191 0.971275 0.000000

0.997230 0.006508 -0.074100 0.000000
0.006508 0.984714 0.174055 0.000000
0.074100 -0.174055 0.981944 0.000000

0.999577 0.000344 -0.029073 0.000000
0.000344 0.999720 0.023658 0.000000
0.029073 -0.023658 0.999297 0.000000

0.999981 -0.000165 0.006194 0.000000
-0.000165 0.998590 0.053088 0.000000
-0.006194 -0.053088 0.998571 0.000000

0.994242 0.014134 -0.106222 0.000000
0.014134 0.965307 0.260735 0.000000
0.106222 -0.260735 0.959549 0.000000

0.991045 0.026634 -0.130847 0.000000
0.026634 0.920790 0.389148 0.000000
0.130847 -0.389148 0.911835 0.000000

0.979898 0.047966 -0.193648 0.000000
0.047966 0.885548 0.462066 0.000000
0.193648 -0.462066 0.865445 0.000000

0.999881 -0.002755 0.015159 0.000000
-0.002755 0.936046 0.351866 0.000000
-0.015159 -0.351866 0.935928 0.000000

0.999902 -0.001665 0.013912 0.000000
-0.001665 0.971760 0.235965 0.000000
-0.013912 -0.235965 0.971662 0.000000

0.997630 -0.013402 0.067496 0.000000
-0.013402 0.924233 0.381594 0.000000
-0.067496 -0.381594 0.921862 0.000000

1.000000 0.000088 -0.000358 0.000000
0.000088 0.885244 0.465127 0.000000
0.000358 -0.465127 0.885244 0.000000

0.999353 -0.007697 0.035123 0.000000
-0.007697 0.908376 0.418083 0.000000
-0.035123 -0.418083 0.907730 0.000000

1.000000 0.000095 -0.000445 0.000000
0.000095 0.913243 0.407414 0.000000
0.000445 -0.407414 0.913243 0.000000

0.997812 -0.010575 0.065271 0.000000
-0.010575 0.948903 0.315391 0.000000
-0.065271 -0.315391 0.946715 0.000000

0.999841 -0.003114 0.017537 0.000000
-0.003114 0.938891 0.344199 0.000000
-0.017537 -0.344199 0.938733 0.000000

0.999535 0.004857 -0.030115 0.000000
0.004857 0.949314 0.314290 0.000000
0.030115 -0.314290 0.948849 0.000000

0.994002 -0.016638 0.108087 0.000000
-0.016638 0.953843 0.299844 0.000000
-0.108087 -0.299844 0.947845 0.000000

0.994979 -0.010749 0.099509 0.000000
-0.010749 0.976992 0.213005 0.000000
-0.099509 -0.213005 0.971971 0.000000

0.999986 -0.000542 0.005228 0.000000
-0.000542 0.978738 0.205115 0.000000
-0.005228 -0.205115 0.978724 0.000000

0.991437 -0.005668 0.130465 0.000000
-0.005668 0.996248 0.086360 0.000000
-0.130465 -0.086360 0.987684 0.000000

0.999982 -0.001044 0.005859 0.000000
-0.001044 0.938495 0.345290 0.000000
-0.005859 -0.345290 0.938478 0.000000

0.999997 0.000326 -0.002582 0.000000
0.000326 0.968641 0.248464 0.000000
0.002582 -0.248464 0.968638 0.000000

0.999608 -0.004460 0.027629 0.000000
-0.004460 0.949226 0.314565 0.000000
-0.027629 -0.314565 0.948834 0.000000

0.969873 0.123212 0.210154 0.000000
-0.203609 0.883621 0.421613 0.000000
-0.133749 -0.451701 0.882087 0.000000

0.997711 0.013177 -0.066322 0.000000
0.013177 0.924137 0.381835 0.000000
0.066322 -0.381835 0.921848 0.000000

0.973298 0.024437 -0.228241 0.000000
0.072481 0.910729 0.406596 0.000000
0.217802 -0.412283 0.884638 0.000000

0.999236 -0.005403 0.038713 0.000000
-0.005403 0.961801 0.273696 0.000000
-0.038713 -0.273696 0.961037 0.000000

0.997681 0.014601 -0.066480 0.000000
0.008751 0.941098 0.338022 0.000000
0.067500 -0.337820 0.938787 0.000000

0.999170 -0.006818 0.040170 0.000000
-0.006818 0.944025 0.329804 0.000000
-0.040170 -0.329804 0.943194 0.000000

0.999027 0.009440 -0.043075 0.000000
0.009440 0.908388 0.418022 0.000000
0.043075 -0.418022 0.907415 0.000000

0.999843 -0.004256 0.017217 0.000000
-0.004256 0.884838 0.465879 0.000000
-0.017217 -0.465879 0.884681 0.000000

0.996528 -0.023717 0.079814 0.000000
-0.023717 0.838016 0.545131 0.000000
-0.079814 -0.545131 0.834543 0.000000

0.996508 -0.007737 0.083133 0.000000
-0.007737 0.982855 0.184216 0.000000
-0.083133 -0.184216 0.979364 0.000000

0.984794 -0.173724 0.000568 0.000000
0.167324 0.949383 0.265847 0.000000
-0.046723 -0.261710 0.964015 0.000000

0.973616 -0.029026 0.226337 0.000000
-0.029026 0.968067 0.249006 0.000000
-0.226337 -0.249006 0.941683 0.000000

0.997526 -0.016145 0.068420 0.000000
-0.016145 0.894646 0.446485 0.000000
-0.068420 -0.446485 0.892172 0.000000

0.998962 -0.001950 0.045511 0.000000
-0.001950 0.996335 0.085512 0.000000
-0.045511 -0.085512 0.995297 0.000000

0.997918 0.003962 0.064376 0.000000
-0.025397 0.941611 0.335744 0.000000
-0.059287 -0.336680 0.939751 0.000000

0.994785 0.020367 -0.099943 0.000000
0.020367 0.920460 0.390306 0.000000
0.099943 -0.390306 0.915245 0.000000

0.996390 0.013594 -0.083793 0.000000
0.013594 0.948804 0.315574 0.000000
0.083793 -0.315574 0.945194 0.000000

0.979441 0.047986 -0.195940 0.000000
0.047986 0.887995 0.457342 0.000000
0.195940 -0.457342 0.867436 0.000000

0.993053 0.002417 -0.117640 0.000000
0.002417 0.999159 0.040936 0.000000
0.117640 -0.040936 0.992212 0.000000

0.999996 0.000195 -0.002866 0.000000
0.000195 0.990819 0.135196 0.000000
0.002866 -0.135196 0.990815 0.000000

0.994317 0.008851 -0.106093 0.000000
0.008851 0.986217 0.165223 0.000000
0.106093 -0.165223 0.980533 0.000000

0.810656 0.585197 -0.019486 0.000000
-0.562165 0.787193 0.253572 0.000000
0.163729 -0.194605 0.967120 0.000000

0.964825 0.020854 -0.262066 0.000000
0.020854 0.987636 0.155369 0.000000
0.262066 -0.155369 0.952461 0.000000

0.982340 0.016935 -0.186336 0.000000
0.016935 0.983760 0.178690 0.000000
0.186336 -0.178690 0.966100 0.000000

0.979343 0.012292 -0.201834 0.000000
0.012292 0.992686 0.120098 0.000000
0.201834 -0.120098 0.972028 0.000000

0.979761 0.006310 -0.200070 0.000000
0.006310 0.998032 0.062382 0.000000
0.200070 -0.062382 0.977794 0.000000

0.963852 0.021745 -0.265548 0.000000
0.021745 0.986919 0.159743 0.000000
0.265548 -0.159743 0.950771 0.000000

0.964400 0.021460 -0.263576 0.000000
0.021460 0.987063 0.158887 0.000000
0.263576 -0.158887 0.951463 0.000000

0.999997 -0.000269 0.002575 0.000000
-0.000269 0.978374 0.206845 0.000000
-0.002575 -0.206845 0.978370 0.000000

0.943075 0.311640 -0.116151 0.000000
-0.289573 0.941188 0.174109 0.000000
0.163579 -0.130563 0.977852 0.000000

0.988937 0.013641 -0.147710 0.000000
0.013641 0.983181 0.182121 0.000000
0.147710 -0.182121 0.972118 0.000000

0.996025 0.003971 -0.088980 0.000000
0.003971 0.996032 0.088903 0.000000
0.088980 -0.088903 0.992058 0.000000

0.991565 0.010177 -0.129211 0.000000
0.010177 0.987721 0.155899 0.000000
0.129211 -0.155899 0.979285 0.000000

0.979922 0.019404 -0.198434 0.000000
0.019404 0.981248 0.191770 0.000000
0.198434 -0.191770 0.961170 0.000000

0.890716 0.447086 -0.082091 0.000000
-0.419343 0.877894 0.231201 0.000000
0.175434 -0.171510 0.969437 0.000000

0.979880 0.004383 -0.199540 0.000000
0.004383 0.999045 0.043470 0.000000
0.199540 -0.043470 0.978925 0.000000

0.990763 0.010312 -0.135216 0.000000
0.010312 0.988489 0.150940 0.000000
0.135216 -0.150940 0.979252 0.000000

0.980158 0.012370 -0.197829 0.000000
0.012370 0.992288 0.123332 0.000000
0.197829 -0.123332 0.972447 0.000000

0.999999 0.000052 -0.001513 0.000000
0.000052 0.997676 0.068137 0.000000
0.001513 -0.068137 0.997675 0.000000

0.979747 0.019192 -0.199320 0.000000
0.019192 0.981813 0.188878 0.000000
0.199320 -0.188878 0.961559 0.000000

0.990908 0.010376 -0.134141 0.000000
0.010376 0.988158 0.153089 0.000000
0.134141 -0.153089 0.979066 0.000000

0.995944 0.000096 -0.089973 0.000000
0.005978 0.997719 0.067232 0.000000
0.089774 -0.067497 0.993672 0.000000

0.968155 0.024354 -0.249165 0.000000
0.024354 0.981376 0.190549 0.000000
0.249165 -0.190549 0.949530 0.000000

0.980281 0.016498 -0.196919 0.000000
0.016498 0.986197 0.164752 0.000000
0.196919 -0.164752 0.966478 0.000000

0.976561 -0.002063 -0.215233 0.000000
0.037660 0.986168 0.161417 0.000000
0.211922 -0.165739 0.963131 0.000000

0.991966 0.007304 -0.126295 0.000000
0.007304 0.993360 0.114817 0.000000
0.126295 -0.114817 0.985326 0.000000

0.997834 0.008249 -0.065267 0.000000
0.008249 0.968590 0.248525 0.000000
0.065267 -0.248525 0.966424 0.000000

0.985723 0.011177 -0.168004 0.000000
0.011177 0.991249 0.131529 0.000000
0.168004 -0.131529 0.976972 0.000000

0.991062 0.014832 -0.132573 0.000000
0.014832 0.975388 0.219996 0.000000
0.132573 -0.219996 0.966450 0.000000

0.980178 0.019329 -0.197175 0.000000
0.019329 0.981152 0.192268 0.000000
0.197175 -0.192268 0.961330 0.000000

0.979935 0.012328 -0.198935 0.000000
0.012328 0.992425 0.122230 0.000000
0.198935 -0.122230 0.972360 0.000000

0.990853 0.005570 -0.134831 0.000000
0.005570 0.996608 0.082109 0.000000
0.134831 -0.082109 0.987461 0.000000

0.982531 0.018635 -0.185162 0.000000
0.018635 0.980121 0.197522 0.000000
0.185162 -0.197522 0.962653 0.000000

0.983539 0.018087 -0.179786 0.000000
0.018087 0.980125 0.197555 0.000000
0.179786 -0.197555 0.963664 0.000000

0.991000 0.014918 -0.133026 0.000000
0.014918 0.975272 0.220504 0.000000
0.133026 -0.220504 0.966272 0.000000

0.982107 0.018930 -0.187370 0.000000
0.018930 0.979973 0.198231 0.000000
0.187370 -0.198231 0.962080 0.000000

0.995627 0.010468 -0.092834 0.000000
0.010468 0.974944 0.222204 0.000000
0.092834 -0.222204 0.970571 0.000000

0.964823 0.021889 -0.261987 0.000000
0.021889 0.986380 0.163020 0.000000
0.261987 -0.163020 0.951203 0.000000

0.979725 0.012028 -0.199988 0.000000
0.012028 0.992864 0.118641 0.000000
0.199988 -0.118641 0.972589 0.000000

1.000000 0.000062 -0.000913 0.000000
0.000062 0.990804 0.135304 0.000000
0.000913 -0.135304 0.990804 0.000000

0.992066 0.008904 -0.125402 0.000000
0.008904 0.990007 0.140733 0.000000
0.125402 -0.140733 0.982074 0.000000

0.990458 0.012138 -0.137280 0.000000
0.012138 0.984560 0.174626 0.000000
0.137280 -0.174626 0.975018 0.000000

0.990211 0.005203 -0.139482 0.000000
0.005203 0.997235 0.074131 0.000000
0.139482 -0.074131 0.987446 0.000000

0.997867 0.003606 -0.065182 0.000000
0.003606 0.993905 0.110178 0.000000
0.065182 -0.110178 0.991772 0.000000

0.991115 0.005194 -0.132906 0.000000
0.005194 0.996963 0.077702 0.000000
0.132906 -0.077702 0.988078 0.000000

0.991054 0.010235 -0.133068 0.000000
0.010235 0.988290 0.152245 0.000000
0.133068 -0.152245 0.979344 0.000000

0.991064 0.010088 -0.133005 0.000000
0.010088 0.988612 0.150152 0.000000
0.133005 -0.150152 0.979676 0.000000

0.997675 0.006629 -0.067833 0.000000
0.006629 0.981101 0.193384 0.000000
0.067833 -0.193384 0.978775 0.000000

0.991162 0.014861 -0.131822 0.000000
0.014861 0.975013 0.221650 0.000000
0.131822 -0.221650 0.966175 0.000000

0.980227 0.019320 -0.196933 0.000000
0.019320 0.981124 0.192415 0.000000
0.196933 -0.192415 0.961350 0.000000

0.980085 0.012351 -0.198194 0.000000
0.012351 0.992341 0.122913 0.000000
0.198194 -0.122913 0.972426 0.000000

0.979508 0.012249 -0.201033 0.000000
0.012249 0.992678 0.120165 0.000000
0.201033 -0.120165 0.972186 0.000000

0.979668 0.011996 -0.200267 0.000000
0.011996 0.992923 0.118155 0.000000
0.200267 -0.118155 0.972591 0.000000

0.981824 0.102002 -0.160057 0.000000
-0.081632 0.988272 0.129057 0.000000
0.171344 -0.113645 0.978635 0.000000

0.991687 0.005539 -0.128555 0.000000
0.005539 0.996309 0.085663 0.000000
0.128555 -0.085663 0.987996 0.000000

0.995898 0.004940 -0.090347 0.000000
0.004940 0.994051 0.108801 0.000000
0.090347 -0.108801 0.989949 0.000000

0.999999 0.000114 -0.001591 0.000000
0.000114 0.989741 0.142877 0.000000
0.001591 -0.142877 0.989739 0.000000

0.999106 0.007735 -0.041559 0.000000
-0.002708 0.992807 0.119698 0.000000
0.042186 -0.119479 0.991940 0.000000

0.988722 0.085951 -0.122641 0.000000
-0.076167 0.993689 0.082348 0.000000
0.128945 -0.072078 0.989029 0.000000

0.997002 0.001141 -0.077368 0.000000
0.001141 0.999566 0.029448 0.000000
0.077368 -0.029448 0.996568 0.000000

1.000000 0.000014 -0.000424 0.000000
0.000014 0.997869 0.065249 0.000000
0.000424 -0.065249 0.997869 0.000000

0.995708 -0.007713 -0.092233 0.000000
-0.000233 0.996309 -0.085834 0.000000
0.092555 0.085487 0.992031 0.000000

0.987450 -0.006767 -0.157785 0.000000
-0.006767 0.996351 -0.085084 0.000000
0.157785 0.085084 0.983801 0.000000

0.999160 -0.001151 -0.040957 0.000000
-0.001151 0.998424 -0.056115 0.000000
0.040957 0.056115 0.997584 0.000000

0.990864 0.000296 -0.134868 0.000000
0.000296 0.999990 0.004367 0.000000
0.134868 -0.004367 0.990854 0.000000

0.964484 0.021356 -0.263276 0.000000
0.021356 0.987158 0.158310 0.000000
0.263276 -0.158310 0.951643 0.000000

0.967288 -0.177926 -0.180825 0.000000
0.207577 0.964883 0.160974 0.000000
0.145833 -0.193243 0.970252 0.000000

0.991327 0.004409 -0.131343 0.000000
0.004409 0.997758 0.066776 0.000000
0.131343 -0.066776 0.989085 0.000000

0.997765 0.005953 -0.066550 0.000000
0.005953 0.984144 0.177273 0.000000
0.066550 -0.177273 0.981909 0.000000

0.993462 -0.014293 -0.113269 0.000000
-0.014293 0.968757 -0.247598 0.000000
0.113269 0.247598 0.962219 0.000000

0.997677 0.015563 -0.066323 0.000000
0.015563 0.895740 0.444305 0.000000
0.066323 -0.444305 0.893417 0.000000

0.993770 0.021171 -0.109421 0.000000
0.021171 0.928057 0.371837 0.000000
0.109421 -0.371837 0.921827 0.000000

0.999931 0.002044 -0.011604 0.000000
0.002044 0.939831 0.341632 0.000000
0.011604 -0.341632 0.939762 0.000000

0.999078 0.008978 -0.041985 0.000000
0.008978 0.912580 0.408799 0.000000
0.041985 -0.408799 0.911658 0.000000

0.994604 0.012971 -0.102934 0.000000
0.012971 0.968823 0.247413 0.000000
0.102934 -0.247413 0.963427 0.000000

0.999981 -0.001001 0.006014 0.000000
-0.001001 0.946090 0.323901 0.000000
-0.006014 -0.323901 0.946072 0.000000

0.999903 -0.008041 -0.011384 0.000000
0.010246 0.977781 0.209377 0.000000
0.009447 -0.209473 0.977768 0.000000

0.999547 0.005153 -0.029642 0.000000
0.005153 0.941347 0.337400 0.000000
0.029642 -0.337400 0.940895 0.000000

0.997878 -0.005261 0.064905 0.000000
-0.005261 0.986961 0.160874 0.000000
-0.064905 -0.160874 0.984838 0.000000

0.999730 0.003382 -0.022991 0.000000
0.003382 0.957654 0.287900 0.000000
0.022991 -0.287900 0.957384 0.000000

0.999046 -0.004384 0.043445 0.000000
-0.004384 0.979847 0.199703 0.000000
-0.043445 -0.199703 0.978893 0.000000

0.997904 -0.008105 0.064199 0.000000
-0.008105 0.968656 0.248274 0.000000
-0.064199 -0.248274 0.966560 0.000000

0.999997 0.000364 -0.002511 0.000000
0.000364 0.958803 0.284071 0.000000
0.002511 -0.284071 0.958800 0.000000

0.999999 0.000178 -0.001014 0.000000
0.000178 0.940315 0.340305 0.000000
0.001014 -0.340305 0.940315 0.000000

0.999961 0.001272 -0.008760 0.000000
0.001272 0.958733 0.284304 0.000000
0.008760 -0.284304 0.958694 0.000000

0.997732 -0.015711 0.065449 0.000000
-0.015711 0.891161 0.453415 0.000000
-0.065449 -0.453415 0.888893 0.000000

1.000000 0.000203 -0.000813 0.000000
0.000203 0.882703 0.469931 0.000000
0.000813 -0.469931 0.882703 0.000000

0.999997 0.000502 -0.002366 0.000000
0.000502 0.913734 0.406314 0.000000
0.002366 -0.406314 0.913731 0.000000

0.997762 -0.015265 0.065094 0.000000
-0.015265 0.895864 0.444066 0.000000
-0.065094 -0.444066 0.893626 0.000000

0.999242 -0.009815 0.037671 0.000000
-0.009815 0.872913 0.487778 0.000000
-0.037671 -0.487778 0.872155 0.000000

0.998961 0.011472 -0.044097 0.000000
0.011472 0.873287 0.487070 0.000000
0.044097 -0.487070 0.872249 0.000000

0.999221 -0.007166 0.038813 0.000000
-0.007166 0.934106 0.356923 0.000000
-0.038813 -0.356923 0.933327 0.000000

0.999997 0.000592 -0.002390 0.000000
0.000592 0.884289 0.466939 0.000000
0.002390 -0.466939 0.884286 0.000000

1.000000 0.000188 -0.000881 0.000000
0.000188 0.912496 0.409085 0.000000
0.000881 -0.409085 0.912496 0.000000

0.999607 0.004996 -0.027588 0.000000
0.004996 0.936504 0.350622 0.000000
0.027588 -0.350622 0.936111 0.000000

0.999403 -0.008310 -0.033511 0.000000
0.018036 0.953296 0.301500 0.000000
0.029441 -0.301925 0.952877 0.000000

0.998944 -0.013792 0.043820 0.000000
-0.013792 0.819833 0.572437 0.000000
-0.043820 -0.572437 0.818777 0.000000

0.991141 -0.028488 0.129721 0.000000
-0.028488 0.908386 0.417161 0.000000
-0.129721 -0.417161 0.899527 0.000000

0.997692 0.012960 -0.066648 0.000000
0.012960 0.927217 0.374301 0.000000
0.066648 -0.374301 0.924909 0.000000

0.998762 0.009029 -0.048928 0.000000
0.009029 0.934183 0.356681 0.000000
0.048928 -0.356681 0.932944 0.000000

0.998229 -0.013761 0.057872 0.000000
-0.013761 0.893060 0.449727 0.000000
-0.057872 -0.449727 0.891289 0.000000

1.000000 0.000176 -0.000709 0.000000
0.000176 0.883985 0.467516 0.000000
0.000709 -0.467516 0.883984 0.000000

0.999964 0.001139 -0.008369 0.000000
0.001139 0.963644 0.267188 0.000000
0.008369 -0.267188 0.963608 0.000000

0.991655 0.016133 -0.127905 0.000000
0.016133 0.968808 0.247287 0.000000
0.127905 -0.247287 0.960463 0.000000

1.000000 -0.000065 0.000470 0.000000
-0.000065 0.962452 0.271452 0.000000
-0.000470 -0.271452 0.962452 0.000000

1.000000 0.000054 -0.000781 0.000000
0.000054 0.990465 0.137763 0.000000
0.000781 -0.137763 0.990465 0.000000

0.999985 0.000565 -0.005372 0.000000
0.000565 0.978158 0.207860 0.000000
0.005372 -0.207860 0.978144 0.000000

0.999999 -0.000105 0.001011 0.000000
-0.000105 0.978732 0.205145 0.000000
-0.001011 -0.205145 0.978731 0.000000

0.999998 -0.000062 0.002085 0.000000
-0.000062 0.998225 0.059554 0.000000
-0.002085 -0.059554 0.998223 0.000000

0.999999 0.000200 -0.001139 0.000000
0.000200 0.940263 0.340450 0.000000
0.001139 -0.340450 0.940262 0.000000

0.997801 0.013541 -0.064881 0.000000
0.013541 0.916617 0.399538 0.000000
0.064881 -0.399538 0.914418 0.000000

0.995389 -0.005685 -0.095757 0.000000
0.039474 0.934084 0.354865 0.000000
0.087427 -0.357008 0.930001 0.000000

1.000000 0.000018 -0.000129 0.000000
0.000018 0.961788 0.273794 0.000000
0.000129 -0.273794 0.961788 0.000000

0.999597 -0.009937 -0.026581 0.000000
0.021055 0.887698 0.459944 0.000000
0.019026 -0.460319 0.887550 0.000000

0.999630 -0.004548 0.026831 0.000000
-0.004548 0.944148 0.329490 0.000000
-0.026831 -0.329490 0.943778 0.000000

0.999812 0.004524 0.018835 0.000000
-0.006962 0.991295 0.131479 0.000000
-0.018076 -0.131585 0.991140 0.000000

0.999126 0.003830 -0.041627 0.000000
0.003830 0.983221 0.182380 0.000000
0.041627 -0.182380 0.982347 0.000000

0.997184 0.001304 0.074988 0.000000
-0.017108 0.977443 0.210503 0.000000
-0.073022 -0.211193 0.974713 0.000000

0.998604 -0.008440 0.052138 0.000000
-0.008440 0.948964 0.315271 0.000000
-0.052138 -0.315271 0.947569 0.000000

0.999905 -0.001869 0.013660 0.000000
-0.001869 0.963261 0.268561 0.000000
-0.013660 -0.268561 0.963166 0.000000

0.999395 -0.004639 0.034464 0.000000
-0.004639 0.964414 0.264356 0.000000
-0.034464 -0.264356 0.963809 0.000000

0.999989 0.000937 -0.004497 0.000000
0.000937 0.916700 0.399574 0.000000
0.004497 -0.399574 0.916690 0.000000

0.999999 -0.000302 0.001695 0.000000
-0.000302 0.938429 0.345472 0.000000
-0.001695 -0.345472 0.938428 0.000000

0.998369 -0.005494 0.056830 0.000000
-0.005494 0.981496 0.191405 0.000000
-0.056830 -0.191405 0.979865 0.000000

0.997828 -0.010523 0.065032 0.000000
-0.010523 0.949022 0.315035 0.000000
-0.065032 -0.315035 0.946849 0.000000

0.999577 0.021390 -0.019734 0.000000
-0.013479 0.941214 0.337541 0.000000
0.025795 -0.337132 0.941104 0.000000

0.997787 -0.005974 0.066224 0.000000
-0.005974 0.983876 0.178752 0.000000
-0.066224 -0.178752 0.981663 0.000000

1.000000 -0.000095 0.000551 0.000000
-0.000095 0.942698 0.333646 0.000000
-0.000551 -0.333646 0.942698 0.000000

0.997437 0.013393 -0.070292 0.000000
0.013393 0.930024 0.367255 0.000000
0.070292 -0.367255 0.927460 0.000000

0.995831 0.016666 -0.089682 0.000000
0.016666 0.933375 0.358516 0.000000
0.089682 -0.358516 0.929206 0.000000

0.999967 -0.000967 0.008049 0.000000
-0.000967 0.971519 0.236960 0.000000
-0.008049 -0.236960 0.971486 0.000000

0.999954 -0.001321 0.009478 0.000000
-0.001321 0.961870 0.273504 0.000000
-0.009478 -0.273504 0.961824 0.000000

0.999997 -0.000233 0.002262 0.000000
-0.000233 0.978996 0.203880 0.000000
-0.002262 -0.203880 0.978993 0.000000

0.999674 0.004253 -0.025182 0.000000
0.004253 0.944547 0.328348 0.000000
0.025182 -0.328348 0.944221 0.000000

1.000000 0.000112 -0.000643 0.000000
0.000112 0.940840 0.338851 0.000000
0.000643 -0.338851 0.940840 0.000000

1.000000 -0.000098 0.000698 0.000000
-0.000098 0.961061 0.276336 0.000000
-0.000698 -0.276336 0.961061 0.000000

0.999106 0.007391 -0.041623 0.000000
0.007391 0.938891 0.344134 0.000000
0.041623 -0.344134 0.937997 0.000000

0.999997 0.000520 -0.002487 0.000000
0.000520 0.916228 0.400657 0.000000
0.002487 -0.400657 0.916225 0.000000

0.999997 -0.000447 0.002514 0.000000
-0.000447 0.938701 0.344733 0.000000
-0.002514 -0.344733 0.938697 0.000000

0.997818 0.012978 -0.064737 0.000000
0.012978 0.922809 0.385039 0.000000
0.064737 -0.385039 0.920627 0.000000

0.997745 0.013093 -0.065829 0.000000
0.013093 0.923980 0.382218 0.000000
0.065829 -0.382218 0.921725 0.000000

0.997930 0.010254 -0.063483 0.000000
0.010254 0.949196 0.314520 0.000000
0.063483 -0.314520 0.947126 0.000000

0.999999 -0.000220 0.001246 0.000000
-0.000220 0.939317 0.343051 0.000000
-0.001246 -0.343051 0.939316 0.000000

1.000000 0.000038 -0.000215 0.000000
0.000038 0.940276 0.340413 0.000000
0.000215 -0.340413 0.940276 0.000000

1.000000 0.000066 -0.000267 0.000000
0.000066 0.886222 0.463260 0.000000
0.000267 -0.463260 0.886222 0.000000

1.000000 -0.000128 0.000910 0.000000
-0.000128 0.961073 0.276295 0.000000
-0.000910 -0.276295 0.961072 0.000000

0.997673 0.013321 -0.066874 0.000000
0.013321 0.923757 0.382747 0.000000
0.066874 -0.382747 0.921430 0.000000

1.000000 0.000050 -0.000368 0.000000
0.000050 0.963762 0.266762 0.000000
0.000368 -0.266762 0.963762 0.000000

0.999704 0.002749 -0.024192 0.000000
0.002749 0.974515 0.224305 0.000000
0.024192 -0.224305 0.974219 0.000000

0.999946 0.001459 -0.010337 0.000000
0.001459 0.960940 0.276754 0.000000
0.010337 -0.276754 0.960885 0.000000

0.997720 0.013071 -0.066213 0.000000
0.013071 0.925065 0.379583 0.000000
0.066213 -0.379583 0.922785 0.000000

0.998608 0.051221 0.012558 0.000000
-0.051731 0.905096 0.422048 0.000000
0.010251 -0.422111 0.906487 0.000000

0.999306 -0.008713 0.036224 0.000000
-0.008713 0.890662 0.454582 0.000000
-0.036224 -0.454582 0.889968 0.000000

0.999244 -0.008240 0.037999 0.000000
-0.008240 0.910207 0.414071 0.000000
-0.037999 -0.414071 0.909451 0.000000

0.999989 0.000684 -0.004733 0.000000
0.000684 0.959080 0.283134 0.000000
0.004733 -0.283134 0.959069 0.000000

0.997684 0.010940 -0.067131 0.000000
0.010940 0.948323 0.317119 0.000000
0.067131 -0.317119 0.946007 0.000000

0.997839 0.012752 -0.064461 0.000000
0.012752 0.924763 0.380331 0.000000
0.064461 -0.380331 0.922601 0.000000

0.997902 0.012542 -0.063524 0.000000
0.012542 0.925046 0.379648 0.000000
0.063524 -0.379648 0.922948 0.000000

0.997860 -0.010467 0.064542 0.000000
-0.010467 0.948801 0.315702 0.000000
-0.064542 -0.315702 0.946661 0.000000

0.997795 -0.010725 0.065505 0.000000
-0.010725 0.947847 0.318545 0.000000
-0.065505 -0.318545 0.945642 0.000000

0.999999 -0.000182 0.001028 0.000000
-0.000182 0.939541 0.342435 0.000000
-0.001028 -0.342435 0.939541 0.000000

1.000000 -0.000148 0.000849 0.000000
-0.000148 0.940773 0.339037 0.000000
-0.000849 -0.339037 0.940773 0.000000

0.997807 -0.010517 0.065352 0.000000
-0.010517 0.949567 0.313388 0.000000
-0.065352 -0.313388 0.947374 0.000000

0.997165 -0.012443 0.074206 0.000000
-0.012443 0.945382 0.325727 0.000000
-0.074206 -0.325727 0.942547 0.000000

0.999996 0.000509 -0.002940 0.000000
0.000509 0.941674 0.336525 0.000000
0.002940 -0.336525 0.941670 0.000000

0.997727 -0.013002 0.066126 0.000000
-0.013002 0.925636 0.378191 0.000000
-0.066126 -0.378191 0.923363 0.000000

0.999791 -0.018365 -0.009074 0.000000
0.020485 0.895363 0.444864 0.000000
-0.000046 -0.444957 0.895552 0.000000

0.999961 0.002110 -0.008603 0.000000
0.002110 0.886558 0.462612 0.000000
0.008603 -0.462612 0.886519 0.000000

0.997815 0.015099 -0.064318 0.000000
0.015099 0.895653 0.444497 0.000000
0.064318 -0.444497 0.893469 0.000000

0.999800 -0.002156 0.019895 0.000000
-0.002156 0.976784 0.214215 0.000000
-0.019895 -0.214215 0.976584 0.000000

0.999833 0.002707 -0.018075 0.000000
0.002707 0.956131 0.292927 0.000000
0.018075 -0.292927 0.955964 0.000000

0.999977 0.000818 -0.006798 0.000000
0.001407 0.947079 0.320995 0.000000
0.006701 -0.320997 0.947057 0.000000

0.999122 -0.005855 0.041494 0.000000
-0.005855 0.960975 0.276575 0.000000
-0.041494 -0.276575 0.960096 0.000000

0.999999 -0.000161 0.001151 0.000000
-0.000161 0.961582 0.274517 0.000000
-0.001151 -0.274517 0.961581 0.000000

0.999848 -0.002404 0.017247 0.000000
-0.002404 0.961890 0.273426 0.000000
-0.017247 -0.273426 0.961738 0.000000

0.999635 0.004966 -0.026539 0.000000
0.004966 0.932348 0.361528 0.000000
0.026539 -0.361528 0.931983 0.000000

0.999999 0.000350 -0.001411 0.000000
0.000350 0.884083 0.467330 0.000000
0.001411 -0.467330 0.884082 0.000000

0.999571 0.007263 -0.028369 0.000000
0.007263 0.877001 0.480433 0.000000
0.028369 -0.480433 0.876572 0.000000

1.000000 0.000032 -0.000152 0.000000
0.000032 0.915098 0.403232 0.000000
0.000152 -0.403232 0.915098 0.000000

0.999206 -0.007401 0.039149 0.000000
-0.007401 0.931024 0.364883 0.000000
-0.039149 -0.364883 0.930230 0.000000

0.997295 -0.011899 0.072532 0.000000
-0.011899 0.947651 0.319086 0.000000
-0.072532 -0.319086 0.944946 0.000000

1.000000 0.000042 -0.000241 0.000000
0.000042 0.941672 0.336533 0.000000
0.000241 -0.336533 0.941672 0.000000

0.997734 -0.013094 0.065997 0.000000
-0.013094 0.924335 0.381357 0.000000
-0.065997 -0.381357 0.922069 0.000000

0.999761 -0.003574 0.021547 0.000000
-0.003574 0.946439 0.322864 0.000000
-0.021547 -0.322864 0.946200 0.000000

0.997861 -0.012583 0.064146 0.000000
-0.012583 0.925971 0.377385 0.000000
-0.064146 -0.377385 0.923832 0.000000

0.999172 -0.008414 0.039794 0.000000
-0.008414 0.914452 0.404608 0.000000
-0.039794 -0.404608 0.913624 0.000000

0.997916 -0.016713 0.062324 0.000000
-0.016713 0.865965 0.499825 0.000000
-0.062324 -0.499825 0.863881 0.000000

1.000000 0.000128 -0.000451 0.000000
0.000128 0.850739 0.525589 0.000000
0.000451 -0.525589 0.850739 0.000000

0.997786 -0.015165 0.064754 0.000000
-0.015165 0.896121 0.443550 0.000000
-0.064754 -0.443550 0.893907 0.000000

0.999169 0.012190 -0.038902 0.000000
0.012190 0.821244 0.570446 0.000000
0.038902 -0.570446 0.820413 0.000000

0.999752 0.003623 -0.021987 0.000000
0.003623 0.947131 0.320825 0.000000
0.021987 -0.320825 0.946883 0.000000

0.997970 -0.012354 0.062474 0.000000
-0.012354 0.924815 0.380217 0.000000
-0.062474 -0.380217 0.922785 0.000000

0.999315 -0.008111 0.036102 0.000000
-0.008111 0.903935 0.427593 0.000000
-0.036102 -0.427593 0.903250 0.000000

0.997730 -0.017579 0.065010 0.000000
-0.017579 0.863878 0.503393 0.000000
-0.065010 -0.503393 0.861608 0.000000

0.997813 -0.010545 0.065246 0.000000
-0.010545 0.949149 0.314652 0.000000
-0.065246 -0.314652 0.946962 0.000000

1.000000 0.000149 -0.000705 0.000000
0.000149 0.914967 0.403528 0.000000
0.000705 -0.403528 0.914967 0.000000

0.997707 -0.013212 0.066382 0.000000
-0.013212 0.923885 0.382443 0.000000
-0.066382 -0.382443 0.921592 0.000000

0.993035 -0.032875 0.113138 0.000000
-0.032875 0.844821 0.534038 0.000000
-0.113138 -0.534038 0.837856 0.000000

0.999540 0.009190 -0.028914 0.000000
0.009190 0.816537 0.577220 0.000000
0.028914 -0.577220 0.816076 0.000000

0.999513 -0.007336 0.030332 0.000000
-0.007336 0.889491 0.456893 0.000000
-0.030332 -0.456893 0.889004 0.000000

0.997114 0.014991 -0.074422 0.000000
0.014991 0.922127 0.386596 0.000000
0.074422 -0.386596 0.919241 0.000000

0.999738 -0.003129 0.022686 0.000000
-0.003129 0.962664 0.270683 0.000000
-0.022686 -0.270683 0.962401 0.000000

1.000000 0.000013 -0.000072 0.000000
0.000013 0.939428 0.342747 0.000000
0.000072 -0.342747 0.939428 0.000000

0.999998 -0.000350 0.002013 0.000000
-0.000350 0.941155 0.337974 0.000000
-0.002013 -0.337974 0.941153 0.000000

0.997629 -0.013562 0.067466 0.000000
-0.013562 0.922414 0.385964 0.000000
-0.067466 -0.385964 0.920044 0.000000

0.992474 -0.022828 0.120312 0.000000
-0.022828 0.930763 0.364910 0.000000
-0.120312 -0.364910 0.923236 0.000000

0.999999 -0.000342 0.001620 0.000000
-0.000342 0.914506 0.404573 0.000000
-0.001620 -0.404573 0.914504 0.000000

0.999999 -0.000370 0.001474 0.000000
-0.000370 0.881326 0.472508 0.000000
-0.001474 -0.472508 0.881325 0.000000

0.997786 0.015257 -0.064737 0.000000
0.015257 0.894881 0.446044 0.000000
0.064737 -0.446044 0.892667 0.000000

0.999999 -0.000353 0.001425 0.000000
-0.000353 0.884586 0.466378 0.000000
-0.001425 -0.466378 0.884584 0.000000

0.997712 0.010716 -0.066755 0.000000
0.010716 0.949816 0.312624 0.000000
0.066755 -0.312624 0.947528 0.000000

0.999087 0.006987 -0.042138 0.000000
0.006987 0.946503 0.322618 0.000000
0.042138 -0.322618 0.945591 0.000000

1.000000 -0.000008 0.000044 0.000000
-0.000008 0.938965 0.344013 0.000000
-0.000044 -0.344013 0.938965 0.000000

0.997769 -0.010675 0.065905 0.000000
-0.010675 0.948929 0.315309 0.000000
-0.065905 -0.315309 0.946698 0.000000

0.999998 0.000362 -0.002091 0.000000
0.000362 0.941715 0.336413 0.000000
0.002091 -0.336413 0.941712 0.000000

0.998709 -0.006680 0.050352 0.000000
-0.006680 0.965429 0.260582 0.000000
-0.050352 -0.260582 0.964138 0.000000

1.000000 0.000031 -0.000224 0.000000
0.000031 0.962221 0.272269 0.000000
0.000224 -0.272269 0.962221 0.000000

1.000000 -0.000025 0.000127 0.000000
-0.000025 0.923724 0.383058 0.000000
-0.000127 -0.383058 0.923724 0.000000

0.999955 0.001726 -0.009275 0.000000
0.001726 0.933050 0.359742 0.000000
0.009275 -0.359742 0.933006 0.000000

0.999827 -0.003393 0.018294 0.000000
-0.003393 0.933502 0.358557 0.000000
-0.018294 -0.358557 0.933329 0.000000

0.996966 0.015537 -0.076268 0.000000
0.015537 0.920429 0.390601 0.000000
0.076268 -0.390601 0.917395 0.000000

0.999997 0.000446 -0.002561 0.000000
0.000446 0.941077 0.338191 0.000000
0.002561 -0.338191 0.941074 0.000000

0.999537 -0.005140 0.029993 0.000000
-0.005140 0.942956 0.332877 0.000000
-0.029993 -0.332877 0.942493 0.000000

0.999832 -0.003001 0.018101 0.000000
-0.003001 0.946501 0.322686 0.000000
-0.018101 -0.322686 0.946333 0.000000

1.000000 0.000031 -0.000213 0.000000
0.000031 0.958669 0.284524 0.000000
0.000213 -0.284524 0.958669 0.000000

0.998555 -0.006302 0.053364 0.000000
-0.006302 0.972509 0.232781 0.000000
-0.053364 -0.232781 0.971064 0.000000

1.000000 -0.000042 0.000397 0.000000
-0.000042 0.978293 0.207226 0.000000
-0.000397 -0.207226 0.978293 0.000000

0.998397 0.009327 -0.055820 0.000000
0.009327 0.945726 0.324832 0.000000
0.055820 -0.324832 0.944123 0.000000

0.999251 0.007005 -0.038048 0.000000
0.007005 0.934447 0.356034 0.000000
0.038048 -0.356034 0.933698 0.000000

1.000000 0.000086 -0.000613 0.000000
0.000086 0.961695 0.274120 0.000000
0.000613 -0.274120 0.961695 0.000000

0.998373 0.009036 -0.056303 0.000000
0.009036 0.949822 0.312661 0.000000
0.056303 -0.312661 0.948195 0.000000

0.999946 0.001754 -0.010200 0.000000
0.001754 0.942544 0.334079 0.000000
0.010200 -0.334079 0.942490 0.000000

0.998719 0.006710 -0.050147 0.000000
0.006710 0.964839 0.262754 0.000000
0.050147 -0.262754 0.963559 0.000000

0.999942 0.001635 -0.010615 0.000000
0.001635 0.953634 0.300965 0.000000
0.010615 -0.300965 0.953576 0.000000

0.999291 0.006802 -0.037036 0.000000
0.006802 0.934756 0.355225 0.000000
0.037036 -0.355225 0.934047 0.000000

0.999998 -0.000482 0.001943 0.000000
-0.000482 0.883980 0.467524 0.000000
-0.001943 -0.467524 0.883978 0.000000

0.999999 0.000119 -0.001141 0.000000
0.000119 0.978307 0.207159 0.000000
0.001141 -0.207159 0.978307 0.000000

0.995729 0.000706 -0.092316 0.000000
0.024026 0.963530 0.266519 0.000000
0.089137 -0.267599 0.959398 0.000000

0.999986 -0.000551 0.005169 0.000000
-0.000551 0.977528 0.210805 0.000000
-0.005169 -0.210805 0.977514 0.000000

0.999985 0.000749 -0.005404 0.000000
0.000749 0.962343 0.271837 0.000000
0.005404 -0.271837 0.962328 0.000000

0.999996 -0.000403 0.002876 0.000000
-0.000403 0.961474 0.274894 0.000000
-0.002876 -0.274894 0.961470 0.000000

0.999994 -0.000483 0.003484 0.000000
-0.000483 0.962231 0.272234 0.000000
-0.003484 -0.272234 0.962225 0.000000

0.997645 0.013331 -0.067281 0.000000
0.013331 0.924542 0.380847 0.000000
0.067281 -0.380847 0.922187 0.000000

0.999714 -0.002927 0.023726 0.000000
-0.002927 0.970022 0.243001 0.000000
-0.023726 -0.243001 0.969736 0.000000

0.999879 0.002001 -0.015453 0.000000
0.002001 0.967031 0.254650 0.000000
0.015453 -0.254650 0.966910 0.000000

0.999791 -0.002081 0.020350 0.000000
-0.002081 0.979304 0.202383 0.000000
-0.020350 -0.202383 0.979095 0.000000

0.999998 0.000303 -0.002118 0.000000
0.000303 0.959797 0.280694 0.000000
0.002118 -0.280694 0.959795 0.000000

0.999999 -0.000242 0.001690 0.000000
-0.000242 0.959781 0.280748 0.000000
-0.001690 -0.280748 0.959780 0.000000

0.996224 0.000045 0.086826 0.000000
-0.023405 0.963126 0.268031 0.000000
-0.083612 -0.269051 0.959490 0.000000

0.999976 -0.000988 0.006886 0.000000
-0.000988 0.959696 0.281038 0.000000
-0.006886 -0.281038 0.959672 0.000000

0.999980 -0.001082 0.006262 0.000000
-0.001082 0.942029 0.335530 0.000000
-0.006262 -0.335530 0.942009 0.000000

0.997867 -0.008139 0.064777 0.000000
-0.008139 0.968951 0.247118 0.000000
-0.064777 -0.247118 0.966818 0.000000

0.997607 -0.008981 0.068547 0.000000
-0.008981 0.966285 0.257317 0.000000
-0.068547 -0.257317 0.963893 0.000000

0.999695 -0.004203 0.024322 0.000000
-0.004203 0.942027 0.335510 0.000000
-0.024322 -0.335510 0.941723 0.000000

0.865306 0.486507 0.120645 0.000000
-0.501156 0.844194 0.190204 0.000000
-0.009312 -0.225047 0.974303 0.000000

0.998314 -0.008277 0.057456 0.000000
-0.008277 0.959370 0.282028 0.000000
-0.057456 -0.282028 0.957684 0.000000

0.999630 -0.004534 0.026807 0.000000
-0.004534 0.944389 0.328800 0.000000
-0.026807 -0.328800 0.944019 0.000000

0.999191 -0.007143 0.039570 0.000000
-0.007143 0.936913 0.349489 0.000000
-0.039570 -0.349489 0.936105 0.000000

0.999996 -0.000408 0.002861 0.000000
-0.000408 0.960196 0.279328 0.000000
-0.002861 -0.279328 0.960192 0.000000

0.999999 0.000234 -0.001338 0.000000
0.000234 0.940511 0.339764 0.000000
0.001338 -0.339764 0.940510 0.000000

0.999613 -0.004773 0.027395 0.000000
-0.004773 0.941098 0.338102 0.000000
-0.027395 -0.338102 0.940711 0.000000

0.999920 -0.002244 0.012415 0.000000
-0.002244 0.936717 0.350079 0.000000
-0.012415 -0.350079 0.936638 0.000000

1.000000 -0.000062 0.000359 0.000000
-0.000062 0.942434 0.334392 0.000000
-0.000359 -0.334392 0.942434 0.000000

0.997069 -0.010651 0.075768 0.000000
-0.010651 0.961301 0.275293 0.000000
-0.075768 -0.275293 0.958370 0.000000

0.999977 0.000952 -0.006787 0.000000
0.000952 0.961431 0.275043 0.000000
0.006787 -0.275043 0.961408 0.000000

0.997747 -0.010842 0.066207 0.000000
-0.010842 0.947829 0.318594 0.000000
-0.066207 -0.318594 0.945576 0.000000

0.993924 0.091787 0.060752 0.000000
-0.107356 0.930225 0.350936 0.000000
-0.024301 -0.355326 0.934427 0.000000

0.998643 -0.010157 0.051085 0.000000
-0.010157 0.924001 0.382255 0.000000
-0.051085 -0.382255 0.922644 0.000000

0.997772 -0.012950 0.065451 0.000000
-0.012950 0.924736 0.380389 0.000000
-0.065451 -0.380389 0.922507 0.000000

0.995524 -0.073277 -0.059687 0.000000
0.092074 0.894448 0.437591 0.000000
0.021321 -0.441128 0.897191 0.000000

0.998844 -0.009628 0.047099 0.000000
-0.009628 0.919817 0.392230 0.000000
-0.047099 -0.392230 0.918661 0.000000

0.997671 -0.010994 0.067315 0.000000
-0.010994 0.948096 0.317794 0.000000
-0.067315 -0.317794 0.945767 0.000000

1.000000 0.000098 -0.000457 0.000000
0.000098 0.912615 0.408820 0.000000
0.000457 -0.408820 0.912615 0.000000

0.999998 -0.000398 0.001879 0.000000
-0.000398 0.914134 0.405412 0.000000
-0.001879 -0.405412 0.914132 0.000000

0.999990 0.000796 -0.004467 0.000000
0.000796 0.938417 0.345504 0.000000
0.004467 -0.345504 0.938406 0.000000

0.999999 0.000253 -0.001450 0.000000
0.000253 0.940718 0.339189 0.000000
0.001450 -0.339189 0.940717 0.000000

0.999653 0.002778 -0.026210 0.000000
0.007287 0.926536 0.376135 0.000000
0.025329 -0.376195 0.926195 0.000000

0.999899 0.002496 -0.013965 0.000000
0.002496 0.938105 0.346343 0.000000
0.013965 -0.346343 0.938004 0.000000

0.999727 0.004230 -0.022961 0.000000
0.004230 0.934366 0.356290 0.000000
0.022961 -0.356290 0.934093 0.000000

0.997939 0.010302 -0.063336 0.000000
0.010302 0.948507 0.316589 0.000000
0.063336 -0.316589 0.946446 0.000000

0.999999 0.000207 -0.001199 0.000000
0.000207 0.941882 0.335944 0.000000
0.001199 -0.335944 0.941881 0.000000

0.999986 -0.000754 0.005246 0.000000
-0.000754 0.959543 0.281562 0.000000
-0.005246 -0.281562 0.959529 0.000000

0.999587 0.004288 -0.028408 0.000000
0.004288 0.955465 0.295075 0.000000
0.028408 -0.295075 0.955052 0.000000

0.999820 0.003348 -0.018694 0.000000
0.003348 0.937838 0.347058 0.000000
0.018694 -0.347058 0.937657 0.000000

0.999989 -0.000639 0.004545 0.000000
-0.000639 0.961205 0.275834 0.000000
-0.004545 -0.275834 0.961195 0.000000

0.999494 0.006533 -0.031144 0.000000
0.006533 0.915732 0.401737 0.000000
0.031144 -0.401737 0.915225 0.000000

0.999601 -0.002596 0.028123 0.000000
-0.005037 0.963413 0.267976 0.000000
-0.027790 -0.268011 0.963015 0.000000

0.999721 -0.004051 0.023286 0.000000
-0.004051 0.941272 0.337625 0.000000
-0.023286 -0.337625 0.940993 0.000000

1.000000 0.000004 -0.000023 0.000000
0.000004 0.940681 0.339292 0.000000
0.000023 -0.339292 0.940681 0.000000

0.999999 0.000202 -0.001162 0.000000
0.000202 0.941306 0.337555 0.000000
0.001162 -0.337555 0.941305 0.000000

0.997884 0.010506 -0.064171 0.000000
0.010506 0.947848 0.318548 0.000000
0.064171 -0.318548 0.945732 0.000000

0.999997 -0.000361 0.002567 0.000000
-0.000361 0.961166 0.275969 0.000000
-0.002567 -0.275969 0.961163 0.000000

0.996635 0.012478 -0.081007 0.000000
0.012478 0.953721 0.300435 0.000000
0.081007 -0.300435 0.950356 0.000000

0.997761 0.013070 -0.065590 0.000000
0.013070 0.923701 0.382890 0.000000
0.065590 -0.382890 0.921463 0.000000

0.997848 0.010681 -0.064688 0.000000
0.010681 0.946977 0.321122 0.000000
0.064688 -0.321122 0.944826 0.000000

0.999493 0.004551 -0.031509 0.000000
0.004551 0.959149 0.282865 0.000000
0.031509 -0.282865 0.958642 0.000000

0.997720 0.013063 -0.066211 0.000000
0.013063 0.925150 0.379378 0.000000
0.066211 -0.379378 0.922870 0.000000

0.997239 0.021015 -0.071225 0.000000
0.001865 0.951732 0.306924 0.000000
0.074237 -0.306210 0.949065 0.000000

0.998542 0.008286 -0.053345 0.000000
0.008286 0.952922 0.303104 0.000000
0.053345 -0.303104 0.951463 0.000000

0.998279 0.010266 -0.057746 0.000000
0.010266 0.938779 0.344367 0.000000
0.057746 -0.344367 0.937057 0.000000

0.997650 -0.003135 -0.068448 0.000000
0.025206 0.945697 0.324070 0.000000
0.063716 -0.325034 0.943553 0.000000

0.999997 0.000419 -0.002418 0.000000
0.000419 0.941584 0.336777 0.000000
0.002418 -0.336777 0.941581 0.000000

0.996152 0.000086 -0.087641 0.000000
0.029939 0.939508 0.341217 0.000000
0.082369 -0.342528 0.935889 0.000000

0.999678 0.003794 -0.025085 0.000000
0.003794 0.955276 0.295691 0.000000
0.025085 -0.295691 0.954954 0.000000

1.000000 0.000139 -0.000988 0.000000
0.000139 0.961153 0.276018 0.000000
0.000988 -0.276018 0.961152 0.000000

0.995841 0.014981 -0.089863 0.000000
0.014981 0.946032 0.323726 0.000000
0.089863 -0.323726 0.941874 0.000000

0.999630 0.002826 -0.027041 0.000000
0.002826 0.978401 0.206696 0.000000
0.027041 -0.206696 0.978031 0.000000

0.999926 0.002919 -0.011774 0.000000
0.000830 0.951859 0.306535 0.000000
0.012102 -0.306523 0.951787 0.000000

0.999993 0.000630 -0.003570 0.000000
0.000630 0.939681 0.342052 0.000000
0.003570 -0.342052 0.939674 0.000000

0.999221 -0.002011 0.039418 0.000000
-0.002011 0.994810 0.101729 0.000000
-0.039418 -0.101729 0.994031 0.000000

0.999670 0.003701 -0.025422 0.000000
0.003701 0.958493 0.285093 0.000000
0.025422 -0.285093 0.958163 0.000000

0.998589 -0.008268 0.052457 0.000000
-0.008268 0.951554 0.307369 0.000000
-0.052457 -0.307369 0.950143 0.000000

1.000000 -0.000197 0.000947 0.000000
-0.000197 0.916737 0.399492 0.000000
